2022/03/16-16:40:26.506067 113f37600 RocksDB version: 6.12.7
2022/03/16-16:40:26.506738 113f37600 Git sha rocksdb_build_git_sha:@0@
2022/03/16-16:40:26.506743 113f37600 Compile date Jul 27 2021
2022/03/16-16:40:26.506765 113f37600 DB SUMMARY
2022/03/16-16:40:26.506767 113f37600 DB Session ID:  EGAZFQGHXHO81DIYS47Q
2022/03/16-16:40:26.506904 113f37600 CURRENT file:  CURRENT
2022/03/16-16:40:26.506906 113f37600 IDENTITY file:  IDENTITY
2022/03/16-16:40:26.506914 113f37600 MANIFEST file:  MANIFEST-000004 size: 3977 Bytes
2022/03/16-16:40:26.506916 113f37600 SST files in /Users/wengyifan/Desktop/blockchain/bithacks/demo/newsite/.dfx/state/replicated_state/node-100/ic_consensus_pool/consensus dir, Total Num: 11, files: 000033.sst 000035.sst 000037.sst 000039.sst 000041.sst 000043.sst 000045.sst 000047.sst 000049.sst 
2022/03/16-16:40:26.506918 113f37600 Write Ahead Log file in /Users/wengyifan/Desktop/blockchain/bithacks/demo/newsite/.dfx/state/replicated_state/node-100/ic_consensus_pool/consensus: 000003.log size: 341593 ; 000031.log size: 6404104 ; 
2022/03/16-16:40:26.506920 113f37600                         Options.error_if_exists: 0
2022/03/16-16:40:26.506921 113f37600                       Options.create_if_missing: 1
2022/03/16-16:40:26.506922 113f37600                         Options.paranoid_checks: 1
2022/03/16-16:40:26.506922 113f37600                                     Options.env: 0x10eeb7ef8
2022/03/16-16:40:26.506925 113f37600                                      Options.fs: Posix File System
2022/03/16-16:40:26.506926 113f37600                                Options.info_log: 0x60000028c4b0
2022/03/16-16:40:26.506927 113f37600                Options.max_file_opening_threads: 16
2022/03/16-16:40:26.506928 113f37600                              Options.statistics: 0x0
2022/03/16-16:40:26.506929 113f37600                               Options.use_fsync: 1
2022/03/16-16:40:26.506930 113f37600                       Options.max_log_file_size: 0
2022/03/16-16:40:26.506931 113f37600                  Options.max_manifest_file_size: 1073741824
2022/03/16-16:40:26.506932 113f37600                   Options.log_file_time_to_roll: 0
2022/03/16-16:40:26.506933 113f37600                       Options.keep_log_file_num: 1000
2022/03/16-16:40:26.506934 113f37600                    Options.recycle_log_file_num: 0
2022/03/16-16:40:26.506934 113f37600                         Options.allow_fallocate: 1
2022/03/16-16:40:26.506935 113f37600                        Options.allow_mmap_reads: 0
2022/03/16-16:40:26.506936 113f37600                       Options.allow_mmap_writes: 0
2022/03/16-16:40:26.506937 113f37600                        Options.use_direct_reads: 0
2022/03/16-16:40:26.506938 113f37600                        Options.use_direct_io_for_flush_and_compaction: 0
2022/03/16-16:40:26.506939 113f37600          Options.create_missing_column_families: 1
2022/03/16-16:40:26.506940 113f37600                              Options.db_log_dir: 
2022/03/16-16:40:26.506941 113f37600                                 Options.wal_dir: /Users/wengyifan/Desktop/blockchain/bithacks/demo/newsite/.dfx/state/replicated_state/node-100/ic_consensus_pool/consensus
2022/03/16-16:40:26.506941 113f37600                Options.table_cache_numshardbits: 6
2022/03/16-16:40:26.506942 113f37600                         Options.WAL_ttl_seconds: 0
2022/03/16-16:40:26.506943 113f37600                       Options.WAL_size_limit_MB: 0
2022/03/16-16:40:26.506944 113f37600                        Options.max_write_batch_group_size_bytes: 1048576
2022/03/16-16:40:26.506945 113f37600             Options.manifest_preallocation_size: 4194304
2022/03/16-16:40:26.506946 113f37600                     Options.is_fd_close_on_exec: 1
2022/03/16-16:40:26.506947 113f37600                   Options.advise_random_on_open: 1
2022/03/16-16:40:26.506948 113f37600                    Options.db_write_buffer_size: 0
2022/03/16-16:40:26.506948 113f37600                    Options.write_buffer_manager: 0x600002f8d200
2022/03/16-16:40:26.506949 113f37600         Options.access_hint_on_compaction_start: 1
2022/03/16-16:40:26.506950 113f37600  Options.new_table_reader_for_compaction_inputs: 0
2022/03/16-16:40:26.506973 113f37600           Options.random_access_max_buffer_size: 1048576
2022/03/16-16:40:26.506975 113f37600                      Options.use_adaptive_mutex: 0
2022/03/16-16:40:26.506976 113f37600                            Options.rate_limiter: 0x0
2022/03/16-16:40:26.506977 113f37600     Options.sst_file_manager.rate_bytes_per_sec: 0
2022/03/16-16:40:26.506978 113f37600                       Options.wal_recovery_mode: 2
2022/03/16-16:40:26.506979 113f37600                  Options.enable_thread_tracking: 0
2022/03/16-16:40:26.506980 113f37600                  Options.enable_pipelined_write: 0
2022/03/16-16:40:26.506980 113f37600                  Options.unordered_write: 0
2022/03/16-16:40:26.506981 113f37600         Options.allow_concurrent_memtable_write: 1
2022/03/16-16:40:26.506982 113f37600      Options.enable_write_thread_adaptive_yield: 1
2022/03/16-16:40:26.506983 113f37600             Options.write_thread_max_yield_usec: 100
2022/03/16-16:40:26.506984 113f37600            Options.write_thread_slow_yield_usec: 3
2022/03/16-16:40:26.506985 113f37600                               Options.row_cache: None
2022/03/16-16:40:26.506986 113f37600                              Options.wal_filter: None
2022/03/16-16:40:26.506988 113f37600             Options.avoid_flush_during_recovery: 0
2022/03/16-16:40:26.506989 113f37600             Options.allow_ingest_behind: 0
2022/03/16-16:40:26.506990 113f37600             Options.preserve_deletes: 0
2022/03/16-16:40:26.506991 113f37600             Options.two_write_queues: 0
2022/03/16-16:40:26.506992 113f37600             Options.manual_wal_flush: 0
2022/03/16-16:40:26.506993 113f37600             Options.atomic_flush: 0
2022/03/16-16:40:26.506993 113f37600             Options.avoid_unnecessary_blocking_io: 0
2022/03/16-16:40:26.506994 113f37600                 Options.persist_stats_to_disk: 0
2022/03/16-16:40:26.506995 113f37600                 Options.write_dbid_to_manifest: 0
2022/03/16-16:40:26.506996 113f37600                 Options.log_readahead_size: 0
2022/03/16-16:40:26.506997 113f37600                 Options.file_checksum_gen_factory: Unknown
2022/03/16-16:40:26.506999 113f37600                 Options.best_efforts_recovery: 0
2022/03/16-16:40:26.507000 113f37600                Options.max_bgerror_resume_count: 2147483647
2022/03/16-16:40:26.507001 113f37600            Options.bgerror_resume_retry_interval: 1000000
2022/03/16-16:40:26.507002 113f37600             Options.max_background_jobs: 2
2022/03/16-16:40:26.507003 113f37600             Options.max_background_compactions: -1
2022/03/16-16:40:26.507004 113f37600             Options.max_subcompactions: 1
2022/03/16-16:40:26.507005 113f37600             Options.avoid_flush_during_shutdown: 0
2022/03/16-16:40:26.507006 113f37600           Options.writable_file_max_buffer_size: 1048576
2022/03/16-16:40:26.507006 113f37600             Options.delayed_write_rate : 16777216
2022/03/16-16:40:26.507007 113f37600             Options.max_total_wal_size: 0
2022/03/16-16:40:26.507008 113f37600             Options.delete_obsolete_files_period_micros: 21600000000
2022/03/16-16:40:26.507009 113f37600                   Options.stats_dump_period_sec: 600
2022/03/16-16:40:26.507010 113f37600                 Options.stats_persist_period_sec: 600
2022/03/16-16:40:26.507011 113f37600                 Options.stats_history_buffer_size: 1048576
2022/03/16-16:40:26.507012 113f37600                          Options.max_open_files: -1
2022/03/16-16:40:26.507013 113f37600                          Options.bytes_per_sync: 0
2022/03/16-16:40:26.507014 113f37600                      Options.wal_bytes_per_sync: 0
2022/03/16-16:40:26.507014 113f37600                   Options.strict_bytes_per_sync: 0
2022/03/16-16:40:26.507015 113f37600       Options.compaction_readahead_size: 0
2022/03/16-16:40:26.507016 113f37600                  Options.max_background_flushes: -1
2022/03/16-16:40:26.507017 113f37600 Compression algorithms supported:
2022/03/16-16:40:26.507020 113f37600 	kZSTD supported: 1
2022/03/16-16:40:26.507035 113f37600 	kZlibCompression supported: 1
2022/03/16-16:40:26.507037 113f37600 	kXpressCompression supported: 0
2022/03/16-16:40:26.507038 113f37600 	kSnappyCompression supported: 1
2022/03/16-16:40:26.507039 113f37600 	kZSTDNotFinalCompression supported: 1
2022/03/16-16:40:26.507040 113f37600 	kLZ4HCCompression supported: 1
2022/03/16-16:40:26.507041 113f37600 	kLZ4Compression supported: 1
2022/03/16-16:40:26.507042 113f37600 	kBZip2Compression supported: 1
2022/03/16-16:40:26.507043 113f37600 Fast CRC32 supported: Supported on x86
2022/03/16-16:40:26.507504 113f37600 [db/version_set.cc:4560] Recovering from manifest file: /Users/wengyifan/Desktop/blockchain/bithacks/demo/newsite/.dfx/state/replicated_state/node-100/ic_consensus_pool/consensus/MANIFEST-000004
2022/03/16-16:40:26.507589 113f37600 [db/column_family.cc:580] --------------- Options for column family [default]:
2022/03/16-16:40:26.507593 113f37600               Options.comparator: leveldb.BytewiseComparator
2022/03/16-16:40:26.507594 113f37600           Options.merge_operator: None
2022/03/16-16:40:26.507595 113f37600        Options.compaction_filter: None
2022/03/16-16:40:26.507596 113f37600        Options.compaction_filter_factory: None
2022/03/16-16:40:26.507597 113f37600  Options.sst_partitioner_factory: None
2022/03/16-16:40:26.507598 113f37600         Options.memtable_factory: SkipListFactory
2022/03/16-16:40:26.507599 113f37600            Options.table_factory: BlockBasedTable
2022/03/16-16:40:26.507618 113f37600            table_factory options:   flush_block_policy_factory: FlushBlockBySizePolicyFactory (0x6000023b5260)
  cache_index_and_filter_blocks: 0
  cache_index_and_filter_blocks_with_high_priority: 1
  pin_l0_filter_and_index_blocks_in_cache: 0
  pin_top_level_index_and_filter: 1
  index_type: 0
  data_block_index_type: 0
  index_shortening: 1
  data_block_hash_table_util_ratio: 0.750000
  hash_index_allow_collision: 1
  checksum: 1
  no_block_cache: 0
  block_cache: 0x600001099558
  block_cache_name: LRUCache
  block_cache_options:
    capacity : 8388608
    num_shard_bits : 4
    strict_capacity_limit : 0
    memory_allocator : None
    high_pri_pool_ratio: 0.000
  block_cache_compressed: 0x0
  persistent_cache: 0x0
  block_size: 4096
  block_size_deviation: 10
  block_restart_interval: 16
  index_block_restart_interval: 1
  metadata_block_size: 4096
  partition_filters: 0
  use_delta_encoding: 1
  filter_policy: nullptr
  whole_key_filtering: 1
  verify_compression: 0
  read_amp_bytes_per_bit: 0
  format_version: 4
  enable_index_compression: 1
  block_align: 0
2022/03/16-16:40:26.507621 113f37600        Options.write_buffer_size: 67108864
2022/03/16-16:40:26.507622 113f37600  Options.max_write_buffer_number: 2
2022/03/16-16:40:26.507625 113f37600          Options.compression: Snappy
2022/03/16-16:40:26.507626 113f37600                  Options.bottommost_compression: Disabled
2022/03/16-16:40:26.507627 113f37600       Options.prefix_extractor: nullptr
2022/03/16-16:40:26.507628 113f37600   Options.memtable_insert_with_hint_prefix_extractor: nullptr
2022/03/16-16:40:26.507628 113f37600             Options.num_levels: 7
2022/03/16-16:40:26.507629 113f37600        Options.min_write_buffer_number_to_merge: 1
2022/03/16-16:40:26.507630 113f37600     Options.max_write_buffer_number_to_maintain: 0
2022/03/16-16:40:26.507631 113f37600     Options.max_write_buffer_size_to_maintain: 0
2022/03/16-16:40:26.507632 113f37600            Options.bottommost_compression_opts.window_bits: -14
2022/03/16-16:40:26.507633 113f37600                  Options.bottommost_compression_opts.level: 32767
2022/03/16-16:40:26.507634 113f37600               Options.bottommost_compression_opts.strategy: 0
2022/03/16-16:40:26.507635 113f37600         Options.bottommost_compression_opts.max_dict_bytes: 0
2022/03/16-16:40:26.507636 113f37600         Options.bottommost_compression_opts.zstd_max_train_bytes: 0
2022/03/16-16:40:26.507637 113f37600         Options.bottommost_compression_opts.parallel_threads: 1
2022/03/16-16:40:26.507637 113f37600                  Options.bottommost_compression_opts.enabled: false
2022/03/16-16:40:26.507664 113f37600            Options.compression_opts.window_bits: -14
2022/03/16-16:40:26.507665 113f37600                  Options.compression_opts.level: 32767
2022/03/16-16:40:26.507666 113f37600               Options.compression_opts.strategy: 0
2022/03/16-16:40:26.507667 113f37600         Options.compression_opts.max_dict_bytes: 0
2022/03/16-16:40:26.507668 113f37600         Options.compression_opts.zstd_max_train_bytes: 0
2022/03/16-16:40:26.507669 113f37600         Options.compression_opts.parallel_threads: 1
2022/03/16-16:40:26.507670 113f37600                  Options.compression_opts.enabled: false
2022/03/16-16:40:26.507671 113f37600      Options.level0_file_num_compaction_trigger: 4
2022/03/16-16:40:26.507671 113f37600          Options.level0_slowdown_writes_trigger: 20
2022/03/16-16:40:26.507672 113f37600              Options.level0_stop_writes_trigger: 36
2022/03/16-16:40:26.507673 113f37600                   Options.target_file_size_base: 67108864
2022/03/16-16:40:26.507674 113f37600             Options.target_file_size_multiplier: 1
2022/03/16-16:40:26.507675 113f37600                Options.max_bytes_for_level_base: 268435456
2022/03/16-16:40:26.507676 113f37600 Options.level_compaction_dynamic_level_bytes: 0
2022/03/16-16:40:26.507677 113f37600          Options.max_bytes_for_level_multiplier: 10.000000
2022/03/16-16:40:26.507678 113f37600 Options.max_bytes_for_level_multiplier_addtl[0]: 1
2022/03/16-16:40:26.507679 113f37600 Options.max_bytes_for_level_multiplier_addtl[1]: 1
2022/03/16-16:40:26.507680 113f37600 Options.max_bytes_for_level_multiplier_addtl[2]: 1
2022/03/16-16:40:26.507681 113f37600 Options.max_bytes_for_level_multiplier_addtl[3]: 1
2022/03/16-16:40:26.507682 113f37600 Options.max_bytes_for_level_multiplier_addtl[4]: 1
2022/03/16-16:40:26.507682 113f37600 Options.max_bytes_for_level_multiplier_addtl[5]: 1
2022/03/16-16:40:26.507683 113f37600 Options.max_bytes_for_level_multiplier_addtl[6]: 1
2022/03/16-16:40:26.507684 113f37600       Options.max_sequential_skip_in_iterations: 8
2022/03/16-16:40:26.507685 113f37600                    Options.max_compaction_bytes: 1677721600
2022/03/16-16:40:26.507686 113f37600                        Options.arena_block_size: 8388608
2022/03/16-16:40:26.507687 113f37600   Options.soft_pending_compaction_bytes_limit: 68719476736
2022/03/16-16:40:26.507688 113f37600   Options.hard_pending_compaction_bytes_limit: 274877906944
2022/03/16-16:40:26.507689 113f37600       Options.rate_limit_delay_max_milliseconds: 100
2022/03/16-16:40:26.507690 113f37600                Options.disable_auto_compactions: 0
2022/03/16-16:40:26.507691 113f37600                        Options.compaction_style: kCompactionStyleLevel
2022/03/16-16:40:26.507692 113f37600                          Options.compaction_pri: kMinOverlappingRatio
2022/03/16-16:40:26.507693 113f37600 Options.compaction_options_universal.size_ratio: 1
2022/03/16-16:40:26.507693 113f37600 Options.compaction_options_universal.min_merge_width: 2
2022/03/16-16:40:26.507694 113f37600 Options.compaction_options_universal.max_merge_width: 4294967295
2022/03/16-16:40:26.507695 113f37600 Options.compaction_options_universal.max_size_amplification_percent: 200
2022/03/16-16:40:26.507696 113f37600 Options.compaction_options_universal.compression_size_percent: -1
2022/03/16-16:40:26.507697 113f37600 Options.compaction_options_universal.stop_style: kCompactionStopStyleTotalSize
2022/03/16-16:40:26.507698 113f37600 Options.compaction_options_fifo.max_table_files_size: 1073741824
2022/03/16-16:40:26.507699 113f37600 Options.compaction_options_fifo.allow_compaction: 0
2022/03/16-16:40:26.507703 113f37600                   Options.table_properties_collectors: 
2022/03/16-16:40:26.507704 113f37600                   Options.inplace_update_support: 0
2022/03/16-16:40:26.507705 113f37600                 Options.inplace_update_num_locks: 10000
2022/03/16-16:40:26.507706 113f37600               Options.memtable_prefix_bloom_size_ratio: 0.000000
2022/03/16-16:40:26.507721 113f37600               Options.memtable_whole_key_filtering: 0
2022/03/16-16:40:26.507723 113f37600   Options.memtable_huge_page_size: 0
2022/03/16-16:40:26.507723 113f37600                           Options.bloom_locality: 0
2022/03/16-16:40:26.507724 113f37600                    Options.max_successive_merges: 0
2022/03/16-16:40:26.507725 113f37600                Options.optimize_filters_for_hits: 0
2022/03/16-16:40:26.507726 113f37600                Options.paranoid_file_checks: 0
2022/03/16-16:40:26.507727 113f37600                Options.force_consistency_checks: 0
2022/03/16-16:40:26.507728 113f37600                Options.report_bg_io_stats: 0
2022/03/16-16:40:26.507728 113f37600                               Options.ttl: 2592000
2022/03/16-16:40:26.507729 113f37600          Options.periodic_compaction_seconds: 0
2022/03/16-16:40:26.508078 113f37600 [db/column_family.cc:580] --------------- Options for column family [RB]:
2022/03/16-16:40:26.508082 113f37600               Options.comparator: leveldb.BytewiseComparator
2022/03/16-16:40:26.508083 113f37600           Options.merge_operator: None
2022/03/16-16:40:26.508084 113f37600        Options.compaction_filter: filter_outdated
2022/03/16-16:40:26.508085 113f37600        Options.compaction_filter_factory: None
2022/03/16-16:40:26.508086 113f37600  Options.sst_partitioner_factory: None
2022/03/16-16:40:26.508087 113f37600         Options.memtable_factory: SkipListFactory
2022/03/16-16:40:26.508088 113f37600            Options.table_factory: BlockBasedTable
2022/03/16-16:40:26.508102 113f37600            table_factory options:   flush_block_policy_factory: FlushBlockBySizePolicyFactory (0x6000023b4e90)
  cache_index_and_filter_blocks: 0
  cache_index_and_filter_blocks_with_high_priority: 1
  pin_l0_filter_and_index_blocks_in_cache: 0
  pin_top_level_index_and_filter: 1
  index_type: 0
  data_block_index_type: 0
  index_shortening: 1
  data_block_hash_table_util_ratio: 0.750000
  hash_index_allow_collision: 1
  checksum: 1
  no_block_cache: 0
  block_cache: 0x6000010981f8
  block_cache_name: LRUCache
  block_cache_options:
    capacity : 8388608
    num_shard_bits : 4
    strict_capacity_limit : 0
    memory_allocator : None
    high_pri_pool_ratio: 0.000
  block_cache_compressed: 0x0
  persistent_cache: 0x0
  block_size: 4096
  block_size_deviation: 10
  block_restart_interval: 16
  index_block_restart_interval: 1
  metadata_block_size: 4096
  partition_filters: 0
  use_delta_encoding: 1
  filter_policy: nullptr
  whole_key_filtering: 1
  verify_compression: 0
  read_amp_bytes_per_bit: 0
  format_version: 4
  enable_index_compression: 1
  block_align: 0
2022/03/16-16:40:26.508105 113f37600        Options.write_buffer_size: 67108864
2022/03/16-16:40:26.508106 113f37600  Options.max_write_buffer_number: 2
2022/03/16-16:40:26.508107 113f37600          Options.compression: NoCompression
2022/03/16-16:40:26.508108 113f37600                  Options.bottommost_compression: Disabled
2022/03/16-16:40:26.508109 113f37600       Options.prefix_extractor: nullptr
2022/03/16-16:40:26.508110 113f37600   Options.memtable_insert_with_hint_prefix_extractor: nullptr
2022/03/16-16:40:26.508111 113f37600             Options.num_levels: 7
2022/03/16-16:40:26.508111 113f37600        Options.min_write_buffer_number_to_merge: 1
2022/03/16-16:40:26.508112 113f37600     Options.max_write_buffer_number_to_maintain: 0
2022/03/16-16:40:26.508113 113f37600     Options.max_write_buffer_size_to_maintain: 0
2022/03/16-16:40:26.508114 113f37600            Options.bottommost_compression_opts.window_bits: -14
2022/03/16-16:40:26.508115 113f37600                  Options.bottommost_compression_opts.level: 32767
2022/03/16-16:40:26.508116 113f37600               Options.bottommost_compression_opts.strategy: 0
2022/03/16-16:40:26.508117 113f37600         Options.bottommost_compression_opts.max_dict_bytes: 0
2022/03/16-16:40:26.508118 113f37600         Options.bottommost_compression_opts.zstd_max_train_bytes: 0
2022/03/16-16:40:26.508119 113f37600         Options.bottommost_compression_opts.parallel_threads: 1
2022/03/16-16:40:26.508145 113f37600                  Options.bottommost_compression_opts.enabled: false
2022/03/16-16:40:26.508146 113f37600            Options.compression_opts.window_bits: -14
2022/03/16-16:40:26.508147 113f37600                  Options.compression_opts.level: 32767
2022/03/16-16:40:26.508148 113f37600               Options.compression_opts.strategy: 0
2022/03/16-16:40:26.508149 113f37600         Options.compression_opts.max_dict_bytes: 0
2022/03/16-16:40:26.508149 113f37600         Options.compression_opts.zstd_max_train_bytes: 0
2022/03/16-16:40:26.508150 113f37600         Options.compression_opts.parallel_threads: 1
2022/03/16-16:40:26.508151 113f37600                  Options.compression_opts.enabled: false
2022/03/16-16:40:26.508152 113f37600      Options.level0_file_num_compaction_trigger: 4
2022/03/16-16:40:26.508153 113f37600          Options.level0_slowdown_writes_trigger: 20
2022/03/16-16:40:26.508154 113f37600              Options.level0_stop_writes_trigger: 36
2022/03/16-16:40:26.508155 113f37600                   Options.target_file_size_base: 67108864
2022/03/16-16:40:26.508155 113f37600             Options.target_file_size_multiplier: 1
2022/03/16-16:40:26.508156 113f37600                Options.max_bytes_for_level_base: 268435456
2022/03/16-16:40:26.508157 113f37600 Options.level_compaction_dynamic_level_bytes: 0
2022/03/16-16:40:26.508158 113f37600          Options.max_bytes_for_level_multiplier: 10.000000
2022/03/16-16:40:26.508159 113f37600 Options.max_bytes_for_level_multiplier_addtl[0]: 1
2022/03/16-16:40:26.508160 113f37600 Options.max_bytes_for_level_multiplier_addtl[1]: 1
2022/03/16-16:40:26.508161 113f37600 Options.max_bytes_for_level_multiplier_addtl[2]: 1
2022/03/16-16:40:26.508162 113f37600 Options.max_bytes_for_level_multiplier_addtl[3]: 1
2022/03/16-16:40:26.508163 113f37600 Options.max_bytes_for_level_multiplier_addtl[4]: 1
2022/03/16-16:40:26.508164 113f37600 Options.max_bytes_for_level_multiplier_addtl[5]: 1
2022/03/16-16:40:26.508165 113f37600 Options.max_bytes_for_level_multiplier_addtl[6]: 1
2022/03/16-16:40:26.508166 113f37600       Options.max_sequential_skip_in_iterations: 8
2022/03/16-16:40:26.508166 113f37600                    Options.max_compaction_bytes: 1677721600
2022/03/16-16:40:26.508167 113f37600                        Options.arena_block_size: 8388608
2022/03/16-16:40:26.508168 113f37600   Options.soft_pending_compaction_bytes_limit: 68719476736
2022/03/16-16:40:26.508169 113f37600   Options.hard_pending_compaction_bytes_limit: 274877906944
2022/03/16-16:40:26.508170 113f37600       Options.rate_limit_delay_max_milliseconds: 100
2022/03/16-16:40:26.508171 113f37600                Options.disable_auto_compactions: 1
2022/03/16-16:40:26.508172 113f37600                        Options.compaction_style: kCompactionStyleLevel
2022/03/16-16:40:26.508173 113f37600                          Options.compaction_pri: kMinOverlappingRatio
2022/03/16-16:40:26.508174 113f37600 Options.compaction_options_universal.size_ratio: 1
2022/03/16-16:40:26.508175 113f37600 Options.compaction_options_universal.min_merge_width: 2
2022/03/16-16:40:26.508176 113f37600 Options.compaction_options_universal.max_merge_width: 4294967295
2022/03/16-16:40:26.508177 113f37600 Options.compaction_options_universal.max_size_amplification_percent: 200
2022/03/16-16:40:26.508178 113f37600 Options.compaction_options_universal.compression_size_percent: -1
2022/03/16-16:40:26.508179 113f37600 Options.compaction_options_universal.stop_style: kCompactionStopStyleTotalSize
2022/03/16-16:40:26.508180 113f37600 Options.compaction_options_fifo.max_table_files_size: 1073741824
2022/03/16-16:40:26.508181 113f37600 Options.compaction_options_fifo.allow_compaction: 0
2022/03/16-16:40:26.508182 113f37600                   Options.table_properties_collectors: 
2022/03/16-16:40:26.508183 113f37600                   Options.inplace_update_support: 0
2022/03/16-16:40:26.508184 113f37600                 Options.inplace_update_num_locks: 10000
2022/03/16-16:40:26.508184 113f37600               Options.memtable_prefix_bloom_size_ratio: 0.000000
2022/03/16-16:40:26.508200 113f37600               Options.memtable_whole_key_filtering: 0
2022/03/16-16:40:26.508201 113f37600   Options.memtable_huge_page_size: 0
2022/03/16-16:40:26.508202 113f37600                           Options.bloom_locality: 0
2022/03/16-16:40:26.508203 113f37600                    Options.max_successive_merges: 0
2022/03/16-16:40:26.508203 113f37600                Options.optimize_filters_for_hits: 0
2022/03/16-16:40:26.508204 113f37600                Options.paranoid_file_checks: 0
2022/03/16-16:40:26.508205 113f37600                Options.force_consistency_checks: 0
2022/03/16-16:40:26.508206 113f37600                Options.report_bg_io_stats: 0
2022/03/16-16:40:26.508207 113f37600                               Options.ttl: 2592000
2022/03/16-16:40:26.508208 113f37600          Options.periodic_compaction_seconds: 2592000
2022/03/16-16:40:26.508239 113f37600 [db/column_family.cc:580] --------------- Options for column family [FZ]:
2022/03/16-16:40:26.508241 113f37600               Options.comparator: leveldb.BytewiseComparator
2022/03/16-16:40:26.508242 113f37600           Options.merge_operator: None
2022/03/16-16:40:26.508243 113f37600        Options.compaction_filter: filter_outdated
2022/03/16-16:40:26.508244 113f37600        Options.compaction_filter_factory: None
2022/03/16-16:40:26.508245 113f37600  Options.sst_partitioner_factory: None
2022/03/16-16:40:26.508246 113f37600         Options.memtable_factory: SkipListFactory
2022/03/16-16:40:26.508246 113f37600            Options.table_factory: BlockBasedTable
2022/03/16-16:40:26.508256 113f37600            table_factory options:   flush_block_policy_factory: FlushBlockBySizePolicyFactory (0x6000023b4ee0)
  cache_index_and_filter_blocks: 0
  cache_index_and_filter_blocks_with_high_priority: 1
  pin_l0_filter_and_index_blocks_in_cache: 0
  pin_top_level_index_and_filter: 1
  index_type: 0
  data_block_index_type: 0
  index_shortening: 1
  data_block_hash_table_util_ratio: 0.750000
  hash_index_allow_collision: 1
  checksum: 1
  no_block_cache: 0
  block_cache: 0x600001098018
  block_cache_name: LRUCache
  block_cache_options:
    capacity : 8388608
    num_shard_bits : 4
    strict_capacity_limit : 0
    memory_allocator : None
    high_pri_pool_ratio: 0.000
  block_cache_compressed: 0x0
  persistent_cache: 0x0
  block_size: 4096
  block_size_deviation: 10
  block_restart_interval: 16
  index_block_restart_interval: 1
  metadata_block_size: 4096
  partition_filters: 0
  use_delta_encoding: 1
  filter_policy: nullptr
  whole_key_filtering: 1
  verify_compression: 0
  read_amp_bytes_per_bit: 0
  format_version: 4
  enable_index_compression: 1
  block_align: 0
2022/03/16-16:40:26.508259 113f37600        Options.write_buffer_size: 67108864
2022/03/16-16:40:26.508260 113f37600  Options.max_write_buffer_number: 2
2022/03/16-16:40:26.508260 113f37600          Options.compression: NoCompression
2022/03/16-16:40:26.508261 113f37600                  Options.bottommost_compression: Disabled
2022/03/16-16:40:26.508262 113f37600       Options.prefix_extractor: nullptr
2022/03/16-16:40:26.508263 113f37600   Options.memtable_insert_with_hint_prefix_extractor: nullptr
2022/03/16-16:40:26.508264 113f37600             Options.num_levels: 7
2022/03/16-16:40:26.508265 113f37600        Options.min_write_buffer_number_to_merge: 1
2022/03/16-16:40:26.508266 113f37600     Options.max_write_buffer_number_to_maintain: 0
2022/03/16-16:40:26.508266 113f37600     Options.max_write_buffer_size_to_maintain: 0
2022/03/16-16:40:26.508267 113f37600            Options.bottommost_compression_opts.window_bits: -14
2022/03/16-16:40:26.508268 113f37600                  Options.bottommost_compression_opts.level: 32767
2022/03/16-16:40:26.508269 113f37600               Options.bottommost_compression_opts.strategy: 0
2022/03/16-16:40:26.508270 113f37600         Options.bottommost_compression_opts.max_dict_bytes: 0
2022/03/16-16:40:26.508271 113f37600         Options.bottommost_compression_opts.zstd_max_train_bytes: 0
2022/03/16-16:40:26.508288 113f37600         Options.bottommost_compression_opts.parallel_threads: 1
2022/03/16-16:40:26.508289 113f37600                  Options.bottommost_compression_opts.enabled: false
2022/03/16-16:40:26.508290 113f37600            Options.compression_opts.window_bits: -14
2022/03/16-16:40:26.508291 113f37600                  Options.compression_opts.level: 32767
2022/03/16-16:40:26.508292 113f37600               Options.compression_opts.strategy: 0
2022/03/16-16:40:26.508292 113f37600         Options.compression_opts.max_dict_bytes: 0
2022/03/16-16:40:26.508293 113f37600         Options.compression_opts.zstd_max_train_bytes: 0
2022/03/16-16:40:26.508294 113f37600         Options.compression_opts.parallel_threads: 1
2022/03/16-16:40:26.508295 113f37600                  Options.compression_opts.enabled: false
2022/03/16-16:40:26.508296 113f37600      Options.level0_file_num_compaction_trigger: 4
2022/03/16-16:40:26.508297 113f37600          Options.level0_slowdown_writes_trigger: 20
2022/03/16-16:40:26.508298 113f37600              Options.level0_stop_writes_trigger: 36
2022/03/16-16:40:26.508298 113f37600                   Options.target_file_size_base: 67108864
2022/03/16-16:40:26.508299 113f37600             Options.target_file_size_multiplier: 1
2022/03/16-16:40:26.508300 113f37600                Options.max_bytes_for_level_base: 268435456
2022/03/16-16:40:26.508301 113f37600 Options.level_compaction_dynamic_level_bytes: 0
2022/03/16-16:40:26.508302 113f37600          Options.max_bytes_for_level_multiplier: 10.000000
2022/03/16-16:40:26.508303 113f37600 Options.max_bytes_for_level_multiplier_addtl[0]: 1
2022/03/16-16:40:26.508304 113f37600 Options.max_bytes_for_level_multiplier_addtl[1]: 1
2022/03/16-16:40:26.508305 113f37600 Options.max_bytes_for_level_multiplier_addtl[2]: 1
2022/03/16-16:40:26.508306 113f37600 Options.max_bytes_for_level_multiplier_addtl[3]: 1
2022/03/16-16:40:26.508306 113f37600 Options.max_bytes_for_level_multiplier_addtl[4]: 1
2022/03/16-16:40:26.508307 113f37600 Options.max_bytes_for_level_multiplier_addtl[5]: 1
2022/03/16-16:40:26.508308 113f37600 Options.max_bytes_for_level_multiplier_addtl[6]: 1
2022/03/16-16:40:26.508309 113f37600       Options.max_sequential_skip_in_iterations: 8
2022/03/16-16:40:26.508310 113f37600                    Options.max_compaction_bytes: 1677721600
2022/03/16-16:40:26.508311 113f37600                        Options.arena_block_size: 8388608
2022/03/16-16:40:26.508312 113f37600   Options.soft_pending_compaction_bytes_limit: 68719476736
2022/03/16-16:40:26.508312 113f37600   Options.hard_pending_compaction_bytes_limit: 274877906944
2022/03/16-16:40:26.508313 113f37600       Options.rate_limit_delay_max_milliseconds: 100
2022/03/16-16:40:26.508314 113f37600                Options.disable_auto_compactions: 1
2022/03/16-16:40:26.508315 113f37600                        Options.compaction_style: kCompactionStyleLevel
2022/03/16-16:40:26.508316 113f37600                          Options.compaction_pri: kMinOverlappingRatio
2022/03/16-16:40:26.508317 113f37600 Options.compaction_options_universal.size_ratio: 1
2022/03/16-16:40:26.508318 113f37600 Options.compaction_options_universal.min_merge_width: 2
2022/03/16-16:40:26.508319 113f37600 Options.compaction_options_universal.max_merge_width: 4294967295
2022/03/16-16:40:26.508319 113f37600 Options.compaction_options_universal.max_size_amplification_percent: 200
2022/03/16-16:40:26.508320 113f37600 Options.compaction_options_universal.compression_size_percent: -1
2022/03/16-16:40:26.508321 113f37600 Options.compaction_options_universal.stop_style: kCompactionStopStyleTotalSize
2022/03/16-16:40:26.508322 113f37600 Options.compaction_options_fifo.max_table_files_size: 1073741824
2022/03/16-16:40:26.508323 113f37600 Options.compaction_options_fifo.allow_compaction: 0
2022/03/16-16:40:26.508324 113f37600                   Options.table_properties_collectors: 
2022/03/16-16:40:26.508325 113f37600                   Options.inplace_update_support: 0
2022/03/16-16:40:26.508326 113f37600                 Options.inplace_update_num_locks: 10000
2022/03/16-16:40:26.508340 113f37600               Options.memtable_prefix_bloom_size_ratio: 0.000000
2022/03/16-16:40:26.508341 113f37600               Options.memtable_whole_key_filtering: 0
2022/03/16-16:40:26.508342 113f37600   Options.memtable_huge_page_size: 0
2022/03/16-16:40:26.508343 113f37600                           Options.bloom_locality: 0
2022/03/16-16:40:26.508344 113f37600                    Options.max_successive_merges: 0
2022/03/16-16:40:26.508344 113f37600                Options.optimize_filters_for_hits: 0
2022/03/16-16:40:26.508345 113f37600                Options.paranoid_file_checks: 0
2022/03/16-16:40:26.508346 113f37600                Options.force_consistency_checks: 0
2022/03/16-16:40:26.508347 113f37600                Options.report_bg_io_stats: 0
2022/03/16-16:40:26.508348 113f37600                               Options.ttl: 2592000
2022/03/16-16:40:26.508349 113f37600          Options.periodic_compaction_seconds: 2592000
2022/03/16-16:40:26.508377 113f37600 [db/column_family.cc:580] --------------- Options for column family [NZ]:
2022/03/16-16:40:26.508378 113f37600               Options.comparator: leveldb.BytewiseComparator
2022/03/16-16:40:26.508379 113f37600           Options.merge_operator: None
2022/03/16-16:40:26.508380 113f37600        Options.compaction_filter: filter_outdated
2022/03/16-16:40:26.508381 113f37600        Options.compaction_filter_factory: None
2022/03/16-16:40:26.508382 113f37600  Options.sst_partitioner_factory: None
2022/03/16-16:40:26.508383 113f37600         Options.memtable_factory: SkipListFactory
2022/03/16-16:40:26.508384 113f37600            Options.table_factory: BlockBasedTable
2022/03/16-16:40:26.508392 113f37600            table_factory options:   flush_block_policy_factory: FlushBlockBySizePolicyFactory (0x6000023b4f30)
  cache_index_and_filter_blocks: 0
  cache_index_and_filter_blocks_with_high_priority: 1
  pin_l0_filter_and_index_blocks_in_cache: 0
  pin_top_level_index_and_filter: 1
  index_type: 0
  data_block_index_type: 0
  index_shortening: 1
  data_block_hash_table_util_ratio: 0.750000
  hash_index_allow_collision: 1
  checksum: 1
  no_block_cache: 0
  block_cache: 0x600001098298
  block_cache_name: LRUCache
  block_cache_options:
    capacity : 8388608
    num_shard_bits : 4
    strict_capacity_limit : 0
    memory_allocator : None
    high_pri_pool_ratio: 0.000
  block_cache_compressed: 0x0
  persistent_cache: 0x0
  block_size: 4096
  block_size_deviation: 10
  block_restart_interval: 16
  index_block_restart_interval: 1
  metadata_block_size: 4096
  partition_filters: 0
  use_delta_encoding: 1
  filter_policy: nullptr
  whole_key_filtering: 1
  verify_compression: 0
  read_amp_bytes_per_bit: 0
  format_version: 4
  enable_index_compression: 1
  block_align: 0
2022/03/16-16:40:26.508394 113f37600        Options.write_buffer_size: 67108864
2022/03/16-16:40:26.508395 113f37600  Options.max_write_buffer_number: 2
2022/03/16-16:40:26.508396 113f37600          Options.compression: NoCompression
2022/03/16-16:40:26.508397 113f37600                  Options.bottommost_compression: Disabled
2022/03/16-16:40:26.508398 113f37600       Options.prefix_extractor: nullptr
2022/03/16-16:40:26.508399 113f37600   Options.memtable_insert_with_hint_prefix_extractor: nullptr
2022/03/16-16:40:26.508400 113f37600             Options.num_levels: 7
2022/03/16-16:40:26.508401 113f37600        Options.min_write_buffer_number_to_merge: 1
2022/03/16-16:40:26.508402 113f37600     Options.max_write_buffer_number_to_maintain: 0
2022/03/16-16:40:26.508402 113f37600     Options.max_write_buffer_size_to_maintain: 0
2022/03/16-16:40:26.508403 113f37600            Options.bottommost_compression_opts.window_bits: -14
2022/03/16-16:40:26.508404 113f37600                  Options.bottommost_compression_opts.level: 32767
2022/03/16-16:40:26.508405 113f37600               Options.bottommost_compression_opts.strategy: 0
2022/03/16-16:40:26.508406 113f37600         Options.bottommost_compression_opts.max_dict_bytes: 0
2022/03/16-16:40:26.508407 113f37600         Options.bottommost_compression_opts.zstd_max_train_bytes: 0
2022/03/16-16:40:26.508423 113f37600         Options.bottommost_compression_opts.parallel_threads: 1
2022/03/16-16:40:26.508424 113f37600                  Options.bottommost_compression_opts.enabled: false
2022/03/16-16:40:26.508425 113f37600            Options.compression_opts.window_bits: -14
2022/03/16-16:40:26.508426 113f37600                  Options.compression_opts.level: 32767
2022/03/16-16:40:26.508426 113f37600               Options.compression_opts.strategy: 0
2022/03/16-16:40:26.508427 113f37600         Options.compression_opts.max_dict_bytes: 0
2022/03/16-16:40:26.508428 113f37600         Options.compression_opts.zstd_max_train_bytes: 0
2022/03/16-16:40:26.508429 113f37600         Options.compression_opts.parallel_threads: 1
2022/03/16-16:40:26.508430 113f37600                  Options.compression_opts.enabled: false
2022/03/16-16:40:26.508431 113f37600      Options.level0_file_num_compaction_trigger: 4
2022/03/16-16:40:26.508432 113f37600          Options.level0_slowdown_writes_trigger: 20
2022/03/16-16:40:26.508432 113f37600              Options.level0_stop_writes_trigger: 36
2022/03/16-16:40:26.508433 113f37600                   Options.target_file_size_base: 67108864
2022/03/16-16:40:26.508434 113f37600             Options.target_file_size_multiplier: 1
2022/03/16-16:40:26.508435 113f37600                Options.max_bytes_for_level_base: 268435456
2022/03/16-16:40:26.508436 113f37600 Options.level_compaction_dynamic_level_bytes: 0
2022/03/16-16:40:26.508437 113f37600          Options.max_bytes_for_level_multiplier: 10.000000
2022/03/16-16:40:26.508438 113f37600 Options.max_bytes_for_level_multiplier_addtl[0]: 1
2022/03/16-16:40:26.508439 113f37600 Options.max_bytes_for_level_multiplier_addtl[1]: 1
2022/03/16-16:40:26.508439 113f37600 Options.max_bytes_for_level_multiplier_addtl[2]: 1
2022/03/16-16:40:26.508440 113f37600 Options.max_bytes_for_level_multiplier_addtl[3]: 1
2022/03/16-16:40:26.508441 113f37600 Options.max_bytes_for_level_multiplier_addtl[4]: 1
2022/03/16-16:40:26.508442 113f37600 Options.max_bytes_for_level_multiplier_addtl[5]: 1
2022/03/16-16:40:26.508443 113f37600 Options.max_bytes_for_level_multiplier_addtl[6]: 1
2022/03/16-16:40:26.508444 113f37600       Options.max_sequential_skip_in_iterations: 8
2022/03/16-16:40:26.508445 113f37600                    Options.max_compaction_bytes: 1677721600
2022/03/16-16:40:26.508445 113f37600                        Options.arena_block_size: 8388608
2022/03/16-16:40:26.508446 113f37600   Options.soft_pending_compaction_bytes_limit: 68719476736
2022/03/16-16:40:26.508447 113f37600   Options.hard_pending_compaction_bytes_limit: 274877906944
2022/03/16-16:40:26.508448 113f37600       Options.rate_limit_delay_max_milliseconds: 100
2022/03/16-16:40:26.508449 113f37600                Options.disable_auto_compactions: 1
2022/03/16-16:40:26.508450 113f37600                        Options.compaction_style: kCompactionStyleLevel
